48 69
28 88
98 32
44 58
47 65
32 78
18 97
3 53
46 51
78 32
55 67
43 1
60 69
62 23
75 69
48 34
11 94
82 60
26 1
54 58
71 68
64 29
25 86
76 5
9 0
86 86
68 69
30 32
5 66
1 61
41 33
87 29
56 26
18 67
83 42
19 5
7 92
56 4
29 94
82 61
13 57
8 59
60 51
15 93
41 96
56 63
40 82
83 68
50 90
28 87
92 88
67 79
50 77
40 22
53 67
69 69
72 41
76 4
19 33
92 34
57 15
50 12
84 38
31 21
86 0
21 21
43 49
23 23
52 28
68 29
98 99
50 83
23 33
42 0
8 16
52 65
0 7
29 10
92 0
65 54
12 70
19 20
40 83
13 23
22 8
72 51
71 62
3 89
93 75
3 74
0 12
55 7
75 85
13 11
93 45
44 75
99 4
31 58
56 90
26 97